linear_game_H3_A10_N0.5:
  AdaptiveFTRL: 77.42636826811267
  BalancedFTRL: 0.0016681005372000592
  BalancedOMD: 0.7742636826811277
  IXOMD: 0.0016681005372000592
  LSFTRL: 3.593813663804628e-06
  LSOMD: 27.825594022071265
linear_game_H5_A5_N0.5:
  AdaptiveFTRL: 1291549.6650148837
  BalancedFTRL: 0.0010000000000000009
  BalancedOMD: 0.7742636826811277
  IXOMD: 0.0016681005372000592
  LSFTRL: 4.641588833612779e-07
  LSOMD: 0.03593813663804625
